106,52
106,51
106,50
106,49
106,48
106,47
106,46
106,45
106,44
106,43
106,42
106,41
106,40
106,39
106,38
106,37
106,36
106,35
10,73
10,12
10,183
10,72
10,95
10,186
25,3
25,2
10,33
25,1
10,293
17,3
17,2
11,11
11,21
11,5
11,13
17,1
16,3
16,2
11,14
16,1
15,3
15,2
9,4
15,1
14,2
13,2
11,30
11,29
11,28
11,27
11,26
11,25
11,24
11,23
11,22
8,5
11,20
12,2
12,1
11,19
12,3
11,18
11,12
11,8
11,3
11,2
11,1
10,312
10,308
10,289
20,2
20,1
10,276
10,266
20,3
19,2
19,1
10,249
19,3
10,212
10,168
10,160
10,137
10,136
10,99
10,86
18,1
10,23
10,13
18,3
10,3
